0
10
15
30
28
47
30
167
62
 47
141
 70
168
194
152
 80
110
167
 79
 31
123
 94
 60
100
 39
130
 63
 92
  4
180
 97
183
 42
165
 76
103
 21
164
121
 48
 83
163
142
200
171
162
122
107
187
 15
125
174
 41
133
170
 53
 66
 23
 22
 72
179
166
197
 93
119
  5
114
181
 82
198
196
 98
 86
178
 10
  9
111
108
112
 16
 24
191
 51
118
153
 69
 52
 54
 77
 84
184
136
 61
109
161
105
 59
135
 71
127
 17
 49
144
150
131
 99
 44
124
 35
139
  1
 28
 36
173
157
 19
 67
186
134
158
143
 30
101
 37
 45
 56
 58
 38
115
 74
 29
 73
  3
 65
145
  0
146
169
176
 14
 27
 75
147
 87
 34
129
132
192
185
189
148
 13
172
138
 32
160
 18
 88
 26
 46
113
149
 95
 50
190
 64
177
128
 57
  7
 43
 90
120
117
182
 96
 33
 20
193
  2
154
 81
159
188
  8
 12
 68
 11
126
 25
  6
140
106
156
151
155
 91
195
 55
104
175
137
 40
 89
116
 78
102
199
 85